       0/9    0.679G   0.04633      0.17         0    0.2163         1       448         0         0         0         0         0         0         0
       1/9    0.679G   0.05091    0.1695         0    0.2204         2       448         0         0         0         0         0         0         0
       2/9    0.679G    0.0491    0.1824         0    0.2315         1       448         0         0         0         0         0         0         0
       3/9    0.679G   0.04704    0.1763         0    0.2233         4       448    0.1317      0.75    0.6878    0.3043   0.06384    0.1201         0
       4/9    0.679G   0.04697     0.185         0     0.232         2       448    0.1335      0.75    0.5184    0.2141    0.0657    0.1215         0
       5/9    0.679G   0.04217     0.171         0    0.2132         8       448    0.1604      0.75    0.4744    0.1726   0.06819    0.1142         0
       6/9    0.679G   0.05072    0.1776         0    0.2283         2       448    0.1382      0.75    0.4889    0.1905   0.06717    0.1232         0
       7/9    0.679G   0.04593    0.1623         0    0.2082         3       448    0.1278      0.75    0.4375    0.1866   0.06554    0.1288         0
       8/9    0.679G   0.04616    0.1756         0    0.2217         1       448    0.1313      0.75    0.6867    0.2921   0.06394    0.1241         0
       9/9    0.679G   0.04909    0.1909         0      0.24         6       448    0.1353      0.75    0.5485    0.2534   0.06423    0.1186         0
