      0/99    0.654G      0.11    0.2325         0    0.3426         1       448         0         0         0         0         0         0         0
      1/99    0.654G    0.1067    0.2202         0    0.3269         2       448         0         0         0         0         0         0         0
      2/99    0.654G    0.0997    0.2573         0     0.357         1       448         0         0         0         0         0         0         0
      3/99    0.654G   0.09927    0.2492         0    0.3484         4       448         0         0   0.09037   0.02072    0.1016    0.1054         0
      4/99    0.654G   0.09515    0.2393         0    0.3345         2       448         0         0   0.02966  0.002966    0.1011     0.106         0
      5/99    0.654G   0.08826    0.2404         0    0.3287         8       448         0         0   0.01558  0.002987    0.0927    0.1204         0
      6/99    0.654G   0.09654    0.2311         0    0.3276         2       448   0.03557     0.125   0.02693  0.004131   0.08964    0.1281         0
      7/99    0.654G   0.08952    0.2095         0     0.299         3       448   0.05672       0.5   0.03339  0.005908    0.0871    0.1322         0
      8/99    0.654G   0.08505    0.2457         0    0.3308         1       448   0.04672     0.125   0.03386  0.003637    0.0915    0.1036         0
      9/99    0.654G   0.08851    0.2346         0    0.3231         6       448         1     0.125    0.2116   0.02437   0.09464    0.1019         0
     10/99    0.654G   0.08276    0.2174         0    0.3002         9       448         1     0.125    0.2116   0.02437   0.09464    0.1019         0
     11/99    0.654G   0.09309    0.2165         0    0.3095         4       448         1     0.125    0.2116   0.02437   0.09464    0.1019         0
     12/99    0.654G   0.08403    0.2619         0     0.346         3       448         1     0.125    0.2116   0.02437   0.09464    0.1019         0
     13/99    0.654G   0.08195    0.2039         0    0.2859         1       448         1     0.125    0.2116   0.02437   0.09464    0.1019         0
     14/99    0.654G   0.08471    0.2073         0     0.292         3       448         1     0.125    0.2116   0.02437   0.09464    0.1019         0
     15/99    0.654G   0.08019    0.2131         0    0.2933         5       448         1     0.125    0.2116   0.02437   0.09464    0.1019         0
     16/99    0.654G   0.08175    0.2252         0     0.307         2       448         1     0.125    0.2116   0.02437   0.09464    0.1019         0
     17/99    0.654G   0.07931    0.2261         0    0.3054         2       448         1     0.125    0.2116   0.02437   0.09464    0.1019         0
     18/99    0.654G   0.08889    0.1928         0    0.2817         2       448         1     0.125    0.2116   0.02437   0.09464    0.1019         0
     19/99    0.654G   0.09025    0.1877         0    0.2779         3       448         1     0.125    0.2116   0.02437   0.09464    0.1019         0
     20/99    0.654G   0.08829    0.2608         0    0.3491         1       448         1     0.125    0.2116   0.02437   0.09464    0.1019         0
     21/99    0.654G    0.0948     0.218         0    0.3128         9       448         1     0.125    0.2116   0.02437   0.09464    0.1019         0
     22/99    0.654G   0.08711    0.2294         0    0.3165         1       448         1     0.125    0.2116   0.02437   0.09464    0.1019         0
     23/99    0.654G   0.08405     0.243         0    0.3271         7       448         1     0.125    0.2116   0.02437   0.09464    0.1019         0
     24/99    0.654G   0.08017     0.207         0    0.2872        11       448         0         0   0.01158  0.001913    0.1095   0.09233         0
     25/99    0.654G    0.0769    0.1987         0    0.2756         2       448  0.004344     0.625   0.03287  0.004659    0.1281     3.082         0
     26/99    0.654G    0.0891    0.2813         0    0.3704         2       448  0.004344     0.625   0.03287  0.004659    0.1281     3.082         0
     27/99    0.654G   0.08815    0.2775         0    0.3657         8       448  0.003956      0.25   0.06524   0.01495    0.1365   0.09439         0
     28/99    0.654G   0.09797    0.2409         0    0.3388        12       448         0         0     0.003  0.000771    0.1109    0.1181         0
     29/99    0.654G   0.07911    0.2456         0    0.3247         2       448         0         0     0.003  0.000771    0.1109    0.1181         0
     30/99    0.654G   0.08499    0.2328         0    0.3178         4       448         0         0   0.01019  0.001019    0.1016    0.1161         0
     31/99    0.654G   0.08162    0.2912         0    0.3728         2       448         0         0   0.01019  0.001019    0.1016    0.1161         0
     32/99    0.654G   0.08304    0.2237         0    0.3068        11       448         0         0  0.004319  0.000567   0.09771    0.1089         0
     33/99    0.654G   0.08615    0.2247         0    0.3108         8       448         0         0  0.002146 0.0002146    0.1059    0.1083         0
     34/99    0.654G   0.09545    0.2681         0    0.3635         7       448         0         0  0.002146 0.0002146    0.1059    0.1083         0
     35/99    0.654G   0.09523    0.2369         0    0.3321         3       448         0         0  0.001328 0.0001328    0.1048    0.1161         0
     36/99    0.654G   0.08617    0.2224         0    0.3086         0       448         0         0  0.001278 0.0001278    0.1096    0.1187         0
     37/99    0.654G   0.08497    0.2169         0    0.3019         1       448         0         0  0.001278 0.0001278    0.1096    0.1187         0
     38/99    0.654G   0.08316    0.2351         0    0.3183         8       448         0         0  0.001848 0.0002515    0.1044    0.1328         0
     39/99    0.654G   0.08632    0.2274         0    0.3137         0       448         0         0  0.003996 0.0007727   0.09197    0.1395         0
     40/99    0.654G   0.09089    0.2408         0    0.3317         3       448         0         0  0.003996 0.0007727   0.09197    0.1395         0
     41/99    0.654G   0.07493     0.219         0    0.2939         7       448         0         0  0.001897 0.0001897    0.0972     0.137         0
     42/99    0.654G   0.08826    0.2282         0    0.3165         6       448         0         0  0.003093 0.0005383   0.09253    0.1181         0
     43/99    0.654G   0.08461    0.2167         0    0.3013         4       448         0         0  0.003093 0.0005383   0.09253    0.1181         0
     44/99    0.654G   0.08001    0.2364         0    0.3164        16       448         0         0  0.001193 0.0001193      0.12   0.09668         0
     45/99    0.654G   0.07471    0.2153         0      0.29         0       448         0         0  0.009032  0.001323   0.08703    0.1543         0
     46/99    0.654G   0.07994     0.264         0     0.344        11       448         0         0  0.009032  0.001323   0.08703    0.1543         0
     47/99    0.654G   0.07909    0.2582         0    0.3373         4       448         0         0    0.0114  0.002891   0.08478    0.1683         0
     48/99    0.654G   0.07914    0.2404         0    0.3196         9       448   0.01317       0.5   0.01483  0.003159   0.09243    0.2441         0
     49/99    0.654G   0.08057    0.2588         0    0.3394         7       448   0.01317       0.5   0.01483  0.003159   0.09243    0.2441         0
     50/99    0.654G   0.07524    0.2137         0     0.289         3       448   0.01339      0.25   0.03584   0.01792   0.09284    0.1865         0
     51/99    0.654G   0.07619    0.1981         0    0.2743        10       448         0         0   0.01169  0.001169    0.1026    0.1078         0
     52/99    0.654G   0.08102    0.2232         0    0.3042         2       448         0         0   0.01169  0.001169    0.1026    0.1078         0
     53/99    0.654G   0.07999    0.2296         0    0.3096         3       448         0         0   0.01373  0.002614   0.09928    0.1257         0
     54/99    0.654G   0.07953    0.2401         0    0.3196         5       448   0.01201      0.25   0.05161   0.02034   0.09449    0.2165         0
     55/99    0.654G   0.08034    0.2141         0    0.2944         8       448   0.01201      0.25   0.05161   0.02034   0.09449    0.2165         0
     56/99    0.654G   0.06656    0.2345         0     0.301         6       448     0.011      0.25    0.2467    0.1231   0.09553    0.2364         0
     57/99    0.654G   0.07933     0.218         0    0.2973         2       448  0.005924      0.25    0.2468    0.1476    0.1047    0.5382         0
     58/99    0.654G   0.08141    0.2556         0     0.337         7       448  0.005924      0.25    0.2468    0.1476    0.1047    0.5382         0
     59/99    0.654G   0.07009    0.2672         0    0.3372         8       448  0.009108      0.25   0.07201  0.009388   0.09669    0.2508         0
     60/99    0.654G   0.07979    0.2268         0    0.3066         2       448   0.04956      0.25   0.03108  0.006073   0.08672    0.1251         0
     61/99    0.654G   0.07906    0.2404         0    0.3194         1       448   0.04956      0.25   0.03108  0.006073   0.08672    0.1251         0
     62/99    0.654G   0.07606    0.2354         0    0.3114         2       448   0.01856       0.5   0.03267  0.005923   0.09122    0.1902         0
     63/99    0.654G   0.07416    0.2602         0    0.3344         2       448   0.01856       0.5   0.03267  0.005923   0.09122    0.1902         0
     64/99    0.654G   0.07626    0.2184         0    0.2946         3       448   0.02827       0.5   0.02902     0.004   0.08974    0.1605         0
     65/99    0.654G   0.07507    0.2395         0    0.3146         9       448   0.03508       0.5   0.03995  0.004764   0.08745    0.1665         0
     66/99    0.654G   0.07979    0.2114         0    0.2912         6       448   0.03508       0.5   0.03995  0.004764   0.08745    0.1665         0
     67/99    0.654G   0.07941     0.171         0    0.2504         9       448   0.02086       0.5   0.03081   0.00385   0.08513    0.2434         0
     68/99    0.654G   0.07978     0.229         0    0.3088         2       448   0.00809      0.25   0.06553  0.006998   0.08335    0.2915         0
     69/99    0.654G    0.0695    0.2226         0    0.2921         8       448   0.00809      0.25   0.06553  0.006998   0.08335    0.2915         0
     70/99    0.654G   0.07875    0.2523         0     0.331         1       448  0.008327      0.25   0.08689   0.01769    0.0817    0.3001         0
     71/99    0.654G   0.06698    0.2365         0    0.3035        11       448   0.02621     0.375    0.2574   0.07491   0.07655    0.1899         0
     72/99    0.654G   0.07167    0.2393         0    0.3109        11       448   0.02621     0.375    0.2574   0.07491   0.07655    0.1899         0
     73/99    0.654G   0.07821    0.2671         0    0.3453         3       448   0.01873      0.25    0.2571   0.07488   0.07741    0.1921         0
     74/99    0.654G   0.07078     0.242         0    0.3128         2       448   0.03311       0.5    0.2682    0.1252   0.07355     0.187         0
     75/99    0.654G   0.07357    0.2381         0    0.3117        11       448   0.03311       0.5    0.2682    0.1252   0.07355     0.187         0
     76/99    0.654G   0.06841    0.2287         0    0.2971         3       448   0.01663      0.25    0.2565    0.1491   0.07533    0.1878         0
     77/99    0.654G   0.07383    0.2344         0    0.3083         1       448   0.03469       0.5     0.263    0.1006   0.07634    0.1793         0
     78/99    0.654G   0.06621    0.2012         0    0.2674         3       448   0.03469       0.5     0.263    0.1006   0.07634    0.1793         0
     79/99    0.654G   0.07654    0.2295         0    0.3061         3       448    0.0403       0.5    0.2256   0.06838    0.0773    0.1565         0
     80/99    0.654G   0.07681    0.2252         0     0.302         8       448   0.02687       0.5    0.1378   0.04384   0.08275     0.194         0
     81/99    0.654G   0.07053      0.24         0    0.3106         3       448   0.02687       0.5    0.1378   0.04384   0.08275     0.194         0
     82/99    0.654G   0.06809    0.2253         0    0.2934         1       448   0.04202      0.75    0.1587   0.04682   0.08228    0.1773         0
     83/99    0.654G   0.07823    0.2272         0    0.3055         7       448   0.02655       0.5    0.1484   0.02762   0.08527    0.1685         0
     84/99    0.654G   0.06565    0.2211         0    0.2868         7       448   0.02655       0.5    0.1484   0.02762   0.08527    0.1685         0
     85/99    0.654G   0.07317    0.2334         0    0.3066         6       448   0.03284       0.5    0.1524   0.01582   0.08657    0.1555         0
     86/99    0.654G   0.07201     0.215         0     0.287         3       448   0.05677     0.625    0.2781   0.07727   0.08449    0.1509         0
     87/99    0.654G   0.07656    0.2093         0    0.2859         9       448   0.05677     0.625    0.2781   0.07727   0.08449    0.1509         0
     88/99    0.654G   0.06691    0.2563         0    0.3232         8       448   0.02759       0.5    0.2644    0.1008   0.08569    0.1796         0
     89/99    0.654G   0.06911    0.2036         0    0.2727         1       448   0.01524      0.25    0.2558    0.1062   0.08464    0.1746         0
     90/99    0.654G   0.07463    0.2206         0    0.2953         4       448   0.01524      0.25    0.2558    0.1062   0.08464    0.1746         0
     91/99    0.654G   0.07442    0.2365         0    0.3109         8       448   0.02434       0.5    0.2612    0.1003   0.08617    0.1861         0
     92/99    0.654G   0.06843    0.2241         0    0.2925         5       448   0.03006       0.5     0.262    0.1008   0.08282    0.1755         0
     93/99    0.654G   0.07332    0.2603         0    0.3336         4       448   0.03006       0.5     0.262    0.1008   0.08282    0.1755         0
     94/99    0.654G   0.07076    0.2344         0    0.3051         2       448   0.04153     0.625    0.2729    0.1027   0.08041    0.1756         0
     95/99    0.654G   0.06944     0.235         0    0.3044        13       448   0.04153     0.625    0.2729    0.1027   0.08041    0.1756         0
     96/99    0.654G   0.06733    0.2268         0    0.2941         4       448   0.02642       0.5     0.265    0.1037   0.08152      0.18         0
     97/99    0.654G   0.07213    0.2473         0    0.3195         8       448   0.02462       0.5     0.263    0.1015   0.08215    0.1955         0
     98/99    0.654G   0.07247    0.2258         0    0.2983         5       448   0.02462       0.5     0.263    0.1015   0.08215    0.1955         0
     99/99    0.654G   0.06424    0.2457         0    0.3099         7       448   0.02472       0.5    0.2648    0.1027   0.08103    0.1911         0
