     0/999    0.654G      0.11    0.2324         0    0.3425         1       448         0         0         0         0         0         0         0
     1/999    0.654G    0.1069    0.2203         0    0.3272         2       448         0         0         0         0         0         0         0
     2/999    0.654G       0.1    0.2545         0    0.3545         1       448         0         0         0         0         0         0         0
     3/999    0.654G   0.09855    0.2507         0    0.3492         4       448         0         0  0.006722  0.001572    0.1026    0.1104         0
     4/999    0.654G   0.09291     0.243         0    0.3359         2       448         0         0   0.01358  0.001507     0.102    0.1046         0
     5/999    0.654G    0.0877      0.24         0    0.3277         8       448         0         0   0.01092  0.002621   0.08985    0.1348         0
     6/999    0.654G   0.09693    0.2285         0    0.3255         2       448         0         0  0.007932  0.001057   0.09133      0.13         0
     7/999    0.654G   0.08806    0.2137         0    0.3017         3       448         0         0  0.003946   0.00134     0.101    0.1093         0
     8/999    0.654G   0.08553    0.2446         0    0.3301         1       448         0         0   0.01984  0.001984   0.09884     0.105         0
     9/999    0.654G   0.08654    0.2365         0     0.323         6       448         0         0  0.007934  0.001418    0.1091    0.1155         0
    10/999    0.654G   0.08109     0.215         0    0.2961         9       448         0         0  0.007934  0.001418    0.1091    0.1155         0
    11/999    0.654G   0.09113    0.2145         0    0.3056         4       448         0         0  0.007934  0.001418    0.1091    0.1155         0
    12/999    0.654G   0.08625    0.2545         0    0.3408         3       448         0         0  0.007934  0.001418    0.1091    0.1155         0
    13/999    0.654G   0.08315    0.1999         0    0.2831         1       448         0         0  0.007934  0.001418    0.1091    0.1155         0
    14/999    0.654G   0.08219    0.2102         0    0.2924         3       448         0         0  0.007934  0.001418    0.1091    0.1155         0
    15/999    0.654G   0.07897    0.2153         0    0.2943         5       448         0         0  0.007934  0.001418    0.1091    0.1155         0
    16/999    0.654G    0.0823    0.2208         0    0.3031         2       448         0         0  0.007934  0.001418    0.1091    0.1155         0
    17/999    0.654G   0.07937    0.2187         0    0.2981         2       448         0         0  0.007934  0.001418    0.1091    0.1155         0
    18/999    0.654G   0.08797    0.1944         0    0.2824         2       448         0         0  0.007934  0.001418    0.1091    0.1155         0
    19/999    0.654G    0.0895    0.1919         0    0.2814         3       448         0         0  0.007934  0.001418    0.1091    0.1155         0
    20/999    0.654G   0.08667    0.2592         0    0.3458         1       448         0         0  0.007934  0.001418    0.1091    0.1155         0
    21/999    0.654G   0.09349    0.2192         0    0.3127         9       448         0         0  0.007934  0.001418    0.1091    0.1155         0
    22/999    0.654G   0.08601    0.2311         0    0.3171         1       448         0         0  0.007934  0.001418    0.1091    0.1155         0
    23/999    0.654G   0.08404     0.239         0    0.3231         7       448         0         0  0.007934  0.001418    0.1091    0.1155         0
    24/999    0.654G   0.08111    0.2079         0     0.289        11       448  0.009237      0.25  0.005993  0.001242    0.1274    0.1434         0
    25/999    0.654G    0.0769     0.195         0    0.2719         2       448         0         0     0.002 0.0004782    0.1255    0.1074         0
    26/999    0.654G    0.0874    0.2654         0    0.3528         2       448         0         0     0.002 0.0004782    0.1255    0.1074         0
    27/999    0.654G   0.08599    0.2467         0    0.3327         8       448  0.001667     0.375  0.002104 0.0005155    0.1261     7.765         0
    28/999    0.654G   0.09617    0.2178         0     0.314        12       448         0         0  0.009913  0.002974    0.1275   0.06385         0
    29/999    0.654G    0.0891    0.2179         0     0.307         2       448         0         0  0.009913  0.002974    0.1275   0.06385         0
    30/999    0.654G   0.09169     0.232         0    0.3237         4       448         0         0    0.0119   0.00245    0.1122    0.1096         0
    31/999    0.654G   0.08247    0.3073         0    0.3897         2       448         0         0    0.0119   0.00245    0.1122    0.1096         0
    32/999    0.654G   0.08213    0.2505         0    0.3326        11       448         0         0  0.008409  0.001457    0.1019     0.139         0
    33/999    0.654G   0.08379    0.2483         0    0.3321         8       448         0         0  0.005143 0.0005143   0.09088    0.1269         0
    34/999    0.654G   0.09157    0.2996         0    0.3912         7       448         0         0  0.005143 0.0005143   0.09088    0.1269         0
    35/999    0.654G   0.09247    0.2622         0    0.3547         3       448         0         0  0.002489 0.0004843   0.08812    0.1217         0
    36/999    0.654G   0.08483     0.241         0    0.3258         0       448         0         0   0.00257 0.0005974   0.09596     0.134         0
    37/999    0.654G   0.08328    0.2303         0    0.3136         1       448         0         0   0.00257 0.0005974   0.09596     0.134         0
    38/999    0.654G   0.08371    0.2421         0    0.3258         8       448         0         0  0.001347 0.0003194   0.09624    0.1357         0
    39/999    0.654G   0.08677    0.2294         0    0.3161         0       448         0         0   0.00525  0.000525   0.09421    0.1226         0
    40/999    0.654G   0.08928    0.2436         0    0.3329         3       448         0         0   0.00525  0.000525   0.09421    0.1226         0
    41/999    0.654G   0.07417    0.2182         0    0.2924         7       448         0         0  0.001417 0.0001417   0.09342    0.1265         0
    42/999    0.654G    0.0869    0.2316         0    0.3184         6       448         0         0  0.007563  0.001537   0.08675    0.1534         0
    43/999    0.654G    0.0824    0.2169         0    0.2993         4       448         0         0  0.007563  0.001537   0.08675    0.1534         0
    44/999    0.654G   0.07649    0.2363         0    0.3128        16       448         0         0  0.008823  0.001645    0.0828    0.1465         0
    45/999    0.654G   0.07417    0.2242         0    0.2984         0       448         0         0   0.06622  0.006933   0.08603    0.1257         0
    46/999    0.654G   0.07771    0.2725         0    0.3502        11       448         0         0   0.06622  0.006933   0.08603    0.1257         0
    47/999    0.654G    0.0765      0.26         0    0.3365         4       448     0.926      0.25    0.2575    0.0532   0.08346    0.1302         0
    48/999    0.654G   0.07838    0.2546         0     0.333         9       448  0.001361      0.25   0.00306  0.001173   0.09117    0.5619         0
    49/999    0.654G   0.08201    0.2623         0    0.3443         7       448  0.001361      0.25   0.00306  0.001173   0.09117    0.5619         0
    50/999    0.654G   0.07645    0.2182         0    0.2946         3       448   0.04816      0.25    0.1244   0.03711   0.08784    0.1413         0
    51/999    0.654G   0.07835    0.2028         0    0.2812        10       448   0.03896     0.125   0.03851  0.003851    0.0921    0.1157         0
    52/999    0.654G   0.08239    0.2311         0    0.3135         2       448   0.03896     0.125   0.03851  0.003851    0.0921    0.1157         0
    53/999    0.654G   0.08268    0.2375         0    0.3201         3       448         0         0   0.00484  0.000484   0.08845    0.1217         0
    54/999    0.654G   0.08263    0.2472         0    0.3298         5       448         0         0    0.0151  0.003217   0.09387    0.1147         0
    55/999    0.654G   0.08038    0.2276         0     0.308         8       448         0         0    0.0151  0.003217   0.09387    0.1147         0
    56/999    0.654G   0.06808    0.2387         0    0.3068         6       448   0.07965      0.25    0.2494   0.02585   0.09216    0.1223         0
    57/999    0.654G   0.07883    0.2314         0    0.3102         2       448   0.03021      0.25    0.0119  0.002316   0.09896     0.142         0
    58/999    0.654G   0.08124    0.2654         0    0.3466         7       448   0.03021      0.25    0.0119  0.002316   0.09896     0.142         0
    59/999    0.654G   0.07012    0.2757         0    0.3458         8       448   0.02464       0.5    0.1426   0.02509   0.09817    0.1684         0
    60/999    0.654G   0.07898     0.236         0     0.315         2       448  0.004993      0.25   0.01074  0.001472     0.103    0.2016         0
    61/999    0.654G   0.07888    0.2451         0     0.324         1       448  0.004993      0.25   0.01074  0.001472     0.103    0.2016         0
    62/999    0.654G    0.0782    0.2417         0    0.3199         2       448   0.01325       0.5   0.02725  0.003817   0.09393    0.2471         0
    63/999    0.654G   0.07387    0.2625         0    0.3364         2       448   0.01325       0.5   0.02725  0.003817   0.09393    0.2471         0
    64/999    0.654G   0.07465    0.2242         0    0.2989         3       448   0.01716       0.5     0.028  0.007906   0.09345    0.2391         0
    65/999    0.654G   0.07595    0.2447         0    0.3206         9       448   0.04504       0.5   0.06521   0.01338   0.08316    0.1663         0
    66/999    0.654G    0.0799    0.2205         0    0.3004         6       448   0.04504       0.5   0.06521   0.01338   0.08316    0.1663         0
    67/999    0.654G   0.07947    0.1752         0    0.2547         9       448   0.02682       0.5   0.04687   0.01544   0.08168    0.2334         0
    68/999    0.654G   0.07943    0.2378         0    0.3172         2       448   0.01786      0.25    0.1322   0.01322    0.0827    0.1596         0
    69/999    0.654G   0.07064    0.2316         0    0.3023         8       448   0.01786      0.25    0.1322   0.01322    0.0827    0.1596         0
    70/999    0.654G   0.08004    0.2587         0    0.3387         1       448   0.03142       0.5    0.1325   0.02608   0.08309    0.1661         0
    71/999    0.654G   0.06884    0.2444         0    0.3132        11       448   0.05482       0.5    0.1436   0.02872   0.07903    0.1705         0
    72/999    0.654G    0.0715     0.239         0    0.3105        11       448   0.05482       0.5    0.1436   0.02872   0.07903    0.1705         0
    73/999    0.654G   0.07877    0.2714         0    0.3501         3       448   0.03781       0.5    0.1463   0.02697   0.08625    0.1693         0
    74/999    0.654G   0.07173    0.2492         0    0.3209         2       448   0.05167       0.5    0.1454    0.0392   0.09152    0.1476         0
    75/999    0.654G   0.07337    0.2385         0    0.3118        11       448   0.05167       0.5    0.1454    0.0392   0.09152    0.1476         0
    76/999    0.654G   0.06814    0.2372         0    0.3054         3       448    0.0459      0.25    0.2665   0.02665   0.09085    0.1161         0
    77/999    0.654G   0.07516    0.2372         0    0.3123         1       448   0.04562      0.25     0.141    0.0186   0.09588    0.1133         0
    78/999    0.654G   0.06507    0.2063         0    0.2714         3       448   0.04562      0.25     0.141    0.0186   0.09588    0.1133         0
    79/999    0.654G   0.07653    0.2342         0    0.3107         3       448   0.08087       0.5   0.05699  0.008589   0.09675    0.1161         0
    80/999    0.654G    0.0763    0.2243         0    0.3006         8       448   0.03564     0.625   0.06801   0.01008   0.09145     0.175         0
    81/999    0.654G   0.07078     0.244         0    0.3148         3       448   0.03564     0.625   0.06801   0.01008   0.09145     0.175         0
    82/999    0.654G   0.06781      0.23         0    0.2978         1       448   0.04051       0.5    0.1602   0.02379   0.08998    0.1436         0
    83/999    0.654G    0.0766    0.2381         0    0.3147         7       448   0.08921    0.2333   0.03579  0.004255   0.09207    0.1101         0
    84/999    0.654G    0.0651    0.2281         0    0.2932         7       448   0.08921    0.2333   0.03579  0.004255   0.09207    0.1101         0
    85/999    0.654G   0.07338    0.2397         0    0.3131         6       448   0.04418      0.25    0.2546   0.05096   0.09062    0.1312         0
    86/999    0.654G   0.06953    0.2245         0     0.294         3       448    0.0365       0.5    0.2758   0.02758   0.09166    0.2065         0
    87/999    0.654G   0.07528    0.2135         0    0.2887         9       448    0.0365       0.5    0.2758   0.02758   0.09166    0.2065         0
    88/999    0.654G   0.06561    0.2603         0    0.3259         8       448   0.02766       0.5     0.102   0.01152   0.08689    0.2782         0
    89/999    0.654G   0.06786    0.2085         0    0.2764         1       448   0.02649      0.25    0.2563    0.0257   0.09217    0.1327         0
    90/999    0.654G   0.07456    0.2246         0    0.2992         4       448   0.02649      0.25    0.2563    0.0257   0.09217    0.1327         0
    91/999    0.654G   0.07346    0.2355         0    0.3089         8       448   0.04467      0.75    0.1571   0.02935   0.09435    0.1404         0
    92/999    0.654G   0.07079    0.2257         0    0.2965         5       448   0.02779       0.5    0.1354   0.03821   0.09076    0.1843         0
    93/999    0.654G   0.07229    0.2605         0    0.3328         4       448   0.02779       0.5    0.1354   0.03821   0.09076    0.1843         0
    94/999    0.654G   0.07188    0.2317         0    0.3036         2       448    0.0345       0.5    0.2796    0.1328   0.07708    0.1532         0
    95/999    0.654G   0.07002    0.2344         0    0.3044        13       448    0.0345       0.5    0.2796    0.1328   0.07708    0.1532         0
    96/999    0.654G   0.06633    0.2304         0    0.2967         4       448   0.03252       0.5    0.2773    0.1325   0.07749    0.1561         0
    97/999    0.654G   0.07226    0.2459         0    0.3182         8       448   0.05416       0.5    0.1683   0.05731   0.07851     0.132         0
    98/999    0.654G   0.07116    0.2285         0    0.2996         5       448   0.05416       0.5    0.1683   0.05731   0.07851     0.132         0
    99/999    0.654G   0.06472     0.242         0    0.3067         7       448   0.06822       0.5     0.336   0.03719   0.07679    0.1244         0
   100/999    0.654G    0.0711    0.1986         0    0.2697        11       448   0.04533       0.5    0.2622   0.05862   0.07527    0.1495         0
   101/999    0.654G   0.06692    0.2297         0    0.2966         1       448   0.04533       0.5    0.2622   0.05862   0.07527    0.1495         0
   102/999    0.654G   0.07312    0.2308         0     0.304        12       448   0.04006       0.5    0.2692   0.03037   0.08117    0.1669         0
   103/999    0.654G   0.07011    0.2121         0    0.2823         4       448     0.029      0.75   0.04988  0.005144    0.1017    0.1829         0
   104/999    0.654G   0.06746    0.2261         0    0.2936         4       448     0.029      0.75   0.04988  0.005144    0.1017    0.1829         0
   105/999    0.654G    0.0712    0.2239         0    0.2951         8       448   0.04385    0.5906   0.06969   0.01341    0.1013    0.1262         0
   106/999    0.654G   0.07087    0.2001         0    0.2709         3       448   0.03623      0.25    0.1509    0.0184   0.09118    0.1189         0
   107/999    0.654G   0.07483    0.2317         0    0.3065         4       448   0.03623      0.25    0.1509    0.0184   0.09118    0.1189         0
   108/999    0.654G   0.07138    0.2594         0    0.3308         4       448    0.0661    0.3281   0.07445   0.01833   0.08829    0.1174         0
   109/999    0.654G   0.05909    0.2178         0    0.2769         8       448         0         0   0.06242  0.008015   0.08431    0.1003         0
   110/999    0.654G   0.06827    0.2168         0     0.285         6       448         0         0   0.06242  0.008015   0.08431    0.1003         0
   111/999    0.654G   0.06814    0.2274         0    0.2956         2       448    0.1437       0.5    0.1211   0.03875   0.08204    0.1014         0
   112/999    0.654G   0.06956    0.2207         0    0.2902         3       448   0.04076      0.25    0.2557   0.05048   0.09405    0.1157         0
   113/999    0.654G   0.06987    0.2269         0    0.2968         1       448   0.04076      0.25    0.2557   0.05048   0.09405    0.1157         0
   114/999    0.654G   0.07508    0.2219         0    0.2969        13       448    0.2126      0.75    0.4158    0.1105   0.08454   0.09564         0
   115/999    0.654G   0.07157     0.216         0    0.2876         1       448   0.04981      0.25    0.1069   0.02106     0.098   0.08973         0
   116/999    0.654G    0.0589    0.2084         0    0.2673         3       448   0.04981      0.25    0.1069   0.02106     0.098   0.08973         0
   117/999    0.654G   0.06737    0.2526         0    0.3199         1       448   0.06945       0.5    0.1117   0.01289   0.09367    0.1147         0
   118/999    0.654G   0.07011    0.2241         0    0.2942        13       448   0.06578      0.25   0.08461  0.008584    0.1006    0.1181         0
   119/999    0.654G   0.06631    0.2253         0    0.2916         3       448   0.06578      0.25   0.08461  0.008584    0.1006    0.1181         0
   120/999    0.654G   0.06507    0.2283         0    0.2934        10       448   0.05572      0.25   0.08748     0.017   0.09109    0.1213         0
   121/999    0.654G   0.06906    0.2187         0    0.2877         6       448   0.02741       0.5    0.3261   0.03298   0.09284    0.1944         0
   122/999    0.654G   0.07473    0.2419         0    0.3167         3       448   0.02741       0.5    0.3261   0.03298   0.09284    0.1944         0
   123/999    0.654G   0.06918     0.188         0    0.2572         9       448   0.07257      0.75    0.3035   0.03363   0.08236    0.1345         0
   124/999    0.654G   0.07051    0.2298         0    0.3003         9       448    0.1976      0.25    0.1293   0.01349   0.09107    0.1049         0
   125/999    0.654G   0.06556    0.2265         0    0.2921         8       448    0.1976      0.25    0.1293   0.01349   0.09107    0.1049         0
   126/999    0.654G   0.06124    0.2013         0    0.2625         1       448    0.1389      0.25    0.1119   0.02261   0.08333    0.1163         0
   127/999    0.654G   0.06996    0.2247         0    0.2947         2       448    0.1389      0.25    0.1119   0.02261   0.08333    0.1163         0
   128/999    0.654G   0.06517    0.2234         0    0.2886         1       448   0.02424     0.125   0.01735  0.003155   0.08801    0.1298         0
   129/999    0.654G   0.07409     0.224         0    0.2981         2       448    0.0564      0.25    0.2212   0.04481   0.09022    0.1126         0
   130/999    0.654G    0.0667    0.2134         0    0.2801         1       448    0.0564      0.25    0.2212   0.04481   0.09022    0.1126         0
   131/999    0.654G   0.07452    0.2203         0    0.2948        16       448    0.1189       0.5    0.1685    0.0207   0.09161    0.1128         0
   132/999    0.654G   0.06979     0.217         0    0.2868         3       448   0.03431       0.5    0.2772   0.05298   0.09164    0.1553         0
   133/999    0.654G   0.06041    0.2125         0    0.2729         3       448   0.03431       0.5    0.2772   0.05298   0.09164    0.1553         0
   134/999    0.654G    0.0699    0.2087         0    0.2786         5       448   0.04172       0.5   0.07872   0.02408    0.0885    0.1466         0
   135/999    0.654G   0.06774    0.2276         0    0.2954         3       448   0.03155       0.5    0.1465    0.0262   0.08727     0.171         0
   136/999    0.654G    0.0642    0.2435         0    0.3077         2       448   0.03155       0.5    0.1465    0.0262   0.08727     0.171         0
   137/999    0.654G   0.07298     0.233         0     0.306         7       448   0.04328      0.75     0.137   0.02097   0.08708     0.217         0
   138/999    0.654G   0.06794    0.2175         0    0.2854        12       448     0.109    0.6423    0.4021   0.07732   0.08102    0.1243         0
   139/999    0.654G   0.06218    0.2348         0     0.297         8       448     0.109    0.6423    0.4021   0.07732   0.08102    0.1243         0
   140/999    0.654G   0.06249    0.2101         0    0.2726         7       448    0.0951      0.75    0.4482    0.0861   0.08339    0.1468         0
   141/999    0.654G   0.06684    0.2129         0    0.2797         4       448   0.06026      0.75    0.3959   0.07134   0.08456    0.1497         0
   142/999    0.654G   0.06692    0.2096         0    0.2765        13       448   0.06026      0.75    0.3959   0.07134   0.08456    0.1497         0
   143/999    0.654G   0.06313    0.2362         0    0.2993         3       448   0.05701      0.75     0.353    0.0706    0.0864    0.1494         0
   144/999    0.654G   0.06751    0.2274         0    0.2949         8       448    0.1457    0.7464     0.319   0.06378   0.08648    0.1051         0
   145/999    0.654G   0.06385    0.2006         0    0.2645         1       448    0.1457    0.7464     0.319   0.06378   0.08648    0.1051         0
   146/999    0.654G   0.06872    0.2262         0    0.2949         6       448    0.0667       0.5    0.2958    0.1293   0.08933    0.1141         0
   147/999    0.654G    0.0646    0.2214         0     0.286         2       448   0.07698       0.5     0.287    0.1281   0.08835    0.1155         0
   148/999    0.654G   0.06329    0.2217         0     0.285         5       448   0.07698       0.5     0.287    0.1281   0.08835    0.1155         0
   149/999    0.654G   0.06115    0.2137         0    0.2748         2       448   0.09509      0.75    0.4431    0.1201   0.08562    0.1182         0
   150/999    0.654G   0.06813    0.2153         0    0.2835         5       448   0.08421       0.5    0.2153    0.0417   0.08202    0.1166         0
   151/999    0.654G   0.06403    0.2143         0    0.2784         3       448   0.08421       0.5    0.2153    0.0417   0.08202    0.1166         0
   152/999    0.654G   0.06378    0.2026         0    0.2664         9       448   0.09827      0.75    0.3354   0.06739   0.08173    0.1214         0
   153/999    0.654G   0.06155    0.1957         0    0.2572        10       448   0.05557      0.25    0.2582       0.1    0.0872    0.1175         0
   154/999    0.654G   0.06556    0.1912         0    0.2567         1       448   0.05557      0.25    0.2582       0.1    0.0872    0.1175         0
   155/999    0.654G   0.06179    0.2303         0    0.2921         5       448   0.04551      0.25    0.2668    0.1021   0.08401     0.127         0
   156/999    0.654G   0.06418     0.234         0    0.2982         1       448   0.06323      0.75    0.1858   0.05876   0.08114     0.151         0
   157/999    0.654G   0.06649    0.2344         0    0.3009         5       448   0.06323      0.75    0.1858   0.05876   0.08114     0.151         0
   158/999    0.654G   0.06104    0.1804         0    0.2414         4       448   0.08613     0.375    0.2836    0.1052   0.08312    0.1146         0
   159/999    0.654G   0.06179    0.2265         0    0.2883         3       448   0.08613     0.375    0.2836    0.1052   0.08312    0.1146         0
   160/999    0.654G   0.06767    0.2382         0    0.3058        13       448   0.05403      0.25     0.282    0.0669   0.08617    0.1053         0
   161/999    0.654G   0.06379    0.2313         0    0.2951         4       448    0.1158      0.75    0.3047     0.131   0.08361    0.1151         0
   162/999    0.654G   0.06685    0.2122         0    0.2791         7       448    0.1158      0.75    0.3047     0.131   0.08361    0.1151         0
   163/999    0.654G   0.06975     0.219         0    0.2888        10       448    0.1027      0.75    0.3037    0.1089   0.08265     0.113         0
   164/999    0.654G   0.07318    0.2268         0       0.3         7       448   0.05743       0.5    0.2768    0.1014   0.08232    0.1414         0
   165/999    0.654G   0.06406    0.2055         0    0.2696         3       448   0.05743       0.5    0.2768    0.1014   0.08232    0.1414         0
   166/999    0.654G   0.05761    0.2244         0    0.2821         0       448   0.04288      0.25    0.2706   0.02809    0.0812    0.1308         0
   167/999    0.654G   0.05631    0.2185         0    0.2748         0       448   0.05772       0.5    0.3139    0.1051   0.08961    0.1191         0
   168/999    0.654G    0.0715    0.2283         0    0.2998         6       448   0.05772       0.5    0.3139    0.1051   0.08961    0.1191         0
   169/999    0.654G   0.06501    0.2083         0    0.2733         2       448   0.05616       0.5    0.1654   0.04129   0.08852    0.1249         0
   170/999    0.654G   0.05508    0.2061         0    0.2611         9       448    0.1237       0.5    0.2932   0.08196   0.08667    0.1173         0
   171/999    0.654G   0.05929    0.2081         0    0.2674        11       448    0.1237       0.5    0.2932   0.08196   0.08667    0.1173         0
   172/999    0.654G   0.06598    0.2021         0    0.2681         4       448    0.1525       0.5    0.2924   0.05802   0.08907    0.1089         0
   173/999    0.654G   0.05837    0.1782         0    0.2365         2       448   0.06602      0.25   0.06318   0.01107   0.08748    0.1095         0
   174/999    0.654G   0.06772    0.2098         0    0.2775         2       448   0.06602      0.25   0.06318   0.01107   0.08748    0.1095         0
   175/999    0.654G   0.06208    0.2348         0    0.2969         0       448   0.04355      0.25   0.08666   0.01105   0.08495    0.1179         0
   176/999    0.654G   0.06314    0.2162         0    0.2794         5       448    0.1576      0.75    0.2584   0.05051   0.08376     0.111         0
   177/999    0.654G   0.06567    0.2293         0     0.295         2       448    0.1576      0.75    0.2584   0.05051   0.08376     0.111         0
   178/999    0.654G   0.06633     0.234         0    0.3003         7       448   0.04258      0.25    0.1579   0.01681   0.08886    0.1132         0
   179/999    0.654G   0.06162    0.2083         0    0.2699         9       448   0.04236      0.25   0.08248   0.01546    0.0914    0.1125         0
   180/999    0.654G   0.06456    0.1884         0    0.2529        10       448   0.04236      0.25   0.08248   0.01546    0.0914    0.1125         0
   181/999    0.654G    0.0636    0.1744         0     0.238        10       448   0.06183      0.25   0.05502   0.01517   0.08863    0.1114         0
   182/999    0.654G   0.06559    0.2415         0    0.3071        13       448   0.07061      0.75    0.1832   0.05533   0.08108    0.1423         0
   183/999    0.654G   0.05439    0.2116         0     0.266         2       448   0.07061      0.75    0.1832   0.05533   0.08108    0.1423         0
   184/999    0.654G   0.06247    0.2077         0    0.2701         2       448   0.07025       0.5    0.3035    0.1105   0.07841    0.1213         0
   185/999    0.654G   0.05333    0.1848         0    0.2382        10       448   0.07961    0.5411    0.3092     0.033   0.07769    0.1236         0
   186/999    0.654G   0.05766    0.2013         0     0.259         2       448   0.07961    0.5411    0.3092     0.033   0.07769    0.1236         0
   187/999    0.654G   0.05767    0.2083         0     0.266         3       448   0.05143      0.25    0.2944   0.05835    0.0768    0.1292         0
   188/999    0.654G   0.05874    0.2224         0    0.2812         3       448   0.06796      0.75      0.14   0.06424   0.07291     0.204         0
   189/999    0.654G   0.06222    0.1958         0     0.258         2       448   0.06796      0.75      0.14   0.06424   0.07291     0.204         0
   190/999    0.654G   0.06046    0.2311         0    0.2915        13       448   0.07077       0.5    0.2759    0.1033   0.07708    0.1416         0
   191/999    0.654G   0.05325     0.241         0    0.2943         2       448   0.07077       0.5    0.2759    0.1033   0.07708    0.1416         0
   192/999    0.654G   0.06663    0.2259         0    0.2925         7       448   0.07031       0.5    0.1996   0.07129    0.0793    0.1392         0
   193/999    0.654G   0.05923    0.2202         0    0.2795         3       448   0.07044       0.5     0.289   0.08603   0.07803     0.138         0
   194/999    0.654G    0.0552    0.2111         0    0.2663         3       448   0.07044       0.5     0.289   0.08603   0.07803     0.138         0
   195/999    0.654G   0.06143    0.2206         0    0.2821         1       448   0.06306       0.5    0.2036   0.05404   0.07938    0.1659         0
   196/999    0.654G   0.06079    0.1997         0    0.2605         0       448   0.05565       0.5    0.2839   0.08206   0.08463      0.15         0
   197/999    0.654G   0.05993    0.1863         0    0.2463         3       448   0.05565       0.5    0.2839   0.08206   0.08463      0.15         0
   198/999    0.654G   0.06463    0.2008         0    0.2654         2       448   0.09262       0.5    0.2931   0.05897   0.08756    0.1187         0
   199/999    0.654G   0.06121    0.2036         0    0.2648         2       448   0.08206       0.5    0.4187   0.06748   0.08917    0.1156         0
   200/999    0.654G   0.06471    0.2054         0    0.2701         3       448   0.08206       0.5    0.4187   0.06748   0.08917    0.1156         0
   201/999    0.654G   0.05924    0.2306         0    0.2899         2       448   0.09618       0.5    0.2838   0.03568   0.08789    0.1197         0
   202/999    0.654G   0.06119    0.2133         0    0.2744         2       448   0.04996     0.375    0.2896   0.02997   0.08446     0.148         0
   203/999    0.654G   0.05705    0.2175         0    0.2746         3       448   0.04996     0.375    0.2896   0.02997   0.08446     0.148         0
   204/999    0.654G   0.06192    0.2054         0    0.2673         1       448   0.03227      0.25    0.2591   0.02598   0.08658    0.1467         0
   205/999    0.654G   0.06191    0.2435         0    0.3054         1       448   0.03659      0.25    0.2571   0.02785   0.08446    0.1422         0
   206/999    0.654G   0.06148    0.1738         0    0.2353         9       448   0.03659      0.25    0.2571   0.02785   0.08446    0.1422         0
   207/999    0.654G     0.059     0.208         0     0.267         3       448    0.0483       0.5    0.2648   0.04869   0.08732    0.1342         0
   208/999    0.654G    0.0649    0.2213         0    0.2862         6       448   0.01136      0.25    0.0541   0.01698   0.09175    0.2082         0
   209/999    0.654G   0.06074    0.2062         0    0.2669         2       448   0.01136      0.25    0.0541   0.01698   0.09175    0.2082         0
   210/999    0.654G    0.0557    0.1999         0    0.2556         2       448    0.1064      0.75      0.21   0.06882   0.07519      0.13         0
   211/999    0.654G   0.05664    0.2001         0    0.2568         1       448   0.07317       0.5    0.1702   0.05226   0.08377    0.1372         0
   212/999    0.654G    0.0584    0.1899         0    0.2483         6       448   0.07317       0.5    0.1702   0.05226   0.08377    0.1372         0
   213/999    0.654G   0.06064    0.2225         0    0.2831         8       448   0.07093       0.5    0.2177   0.06949   0.08679     0.142         0
   214/999    0.654G   0.05776    0.2058         0    0.2635         4       448   0.06641     0.625    0.3446    0.1381    0.0814    0.1515         0
   215/999    0.654G   0.05811    0.2086         0    0.2667        11       448   0.06641     0.625    0.3446    0.1381    0.0814    0.1515         0
   216/999    0.654G   0.05245    0.1881         0    0.2405         7       448   0.06589       0.5    0.2525    0.1036   0.08256    0.1238         0
   217/999    0.654G   0.06464     0.202         0    0.2666         3       448   0.07515       0.5    0.1891   0.04326   0.07523    0.1127         0
   218/999    0.654G   0.05586    0.1874         0    0.2432        12       448   0.07515       0.5    0.1891   0.04326   0.07523    0.1127         0
   219/999    0.654G   0.06163    0.1718         0    0.2334         1       448   0.05754      0.25    0.2941   0.06394   0.07368     0.107         0
   220/999    0.654G   0.05875    0.1918         0    0.2506         6       448   0.03743      0.25   0.08715   0.04175   0.09152     0.127         0
   221/999    0.654G   0.05597    0.1899         0    0.2459         2       448   0.03743      0.25   0.08715   0.04175   0.09152     0.127         0
   222/999    0.654G   0.05004    0.2121         0    0.2621         3       448    0.0924       0.5    0.2837   0.09243   0.08956    0.1152         0
   223/999    0.654G   0.06184    0.2204         0    0.2823         2       448    0.0924       0.5    0.2837   0.09243   0.08956    0.1152         0
   224/999    0.654G   0.06612    0.2008         0    0.2669         4       448    0.0723       0.5    0.2898    0.1098   0.08753    0.1249         0
   225/999    0.654G   0.06221    0.2027         0    0.2649         6       448   0.09667      0.75    0.3025    0.1122   0.08628    0.1132         0
   226/999    0.654G   0.06255    0.1958         0    0.2583         2       448   0.09667      0.75    0.3025    0.1122   0.08628    0.1132         0
   227/999    0.654G   0.06385    0.2021         0     0.266         3       448   0.05515     0.365    0.2792    0.1017    0.0877    0.1237         0
   228/999    0.654G   0.05972    0.2017         0    0.2614         2       448   0.05754      0.25    0.2664    0.1029   0.08381     0.105         0
   229/999    0.654G    0.0608    0.2181         0    0.2789        11       448   0.05754      0.25    0.2664    0.1029   0.08381     0.105         0
   230/999    0.654G   0.06139    0.2234         0    0.2847         3       448   0.09813      0.25    0.2608    0.1021   0.08316    0.1037         0
   231/999    0.654G    0.0583    0.1891         0    0.2474         1       448   0.06284       0.5     0.289   0.08222   0.07756     0.125         0
   232/999    0.654G    0.0604    0.2143         0    0.2747         9       448   0.06284       0.5     0.289   0.08222   0.07756     0.125         0
   233/999    0.654G   0.06247    0.1995         0    0.2619        13       448   0.03885       0.5    0.2876    0.1081   0.07371    0.1564         0
   234/999    0.654G   0.05343    0.1582         0    0.2117         1       448   0.05903       0.5     0.285    0.0815   0.08167    0.1328         0
   235/999    0.654G    0.0601    0.2085         0    0.2686         3       448   0.05903       0.5     0.285    0.0815   0.08167    0.1328         0
   236/999    0.654G   0.06049    0.1762         0    0.2367        13       448   0.04208     0.375    0.2723   0.04144   0.08288    0.1341         0
   237/999    0.654G   0.05598    0.1773         0    0.2333         1       448   0.04944       0.5    0.2852   0.02852   0.09293    0.1285         0
   238/999    0.654G   0.05727    0.2206         0    0.2779         2       448   0.04944       0.5    0.2852   0.02852   0.09293    0.1285         0
   239/999    0.654G   0.06535    0.2146         0      0.28        10       448   0.05319       0.5   0.09709   0.01472   0.09021    0.1286         0
   240/999    0.654G   0.06498    0.2069         0    0.2719        14       448    0.0573      0.75    0.1113   0.02534   0.08522    0.1494         0
   241/999    0.654G   0.05737    0.2153         0    0.2726        10       448    0.0573      0.75    0.1113   0.02534   0.08522    0.1494         0
   242/999    0.654G   0.06158    0.1995         0    0.2611         4       448   0.05391       0.5    0.1241   0.03303   0.08316    0.1279         0
   243/999    0.654G   0.05475    0.2024         0    0.2571         1       448   0.06431       0.5    0.3295   0.04374   0.07466    0.1376         0
   244/999    0.654G   0.05959    0.1963         0    0.2559         1       448   0.06431       0.5    0.3295   0.04374   0.07466    0.1376         0
   245/999    0.654G   0.05945    0.2045         0     0.264         2       448   0.05372       0.5    0.3131   0.07126   0.07117    0.1533         0
   246/999    0.654G   0.05599    0.2019         0    0.2579        10       448   0.08847      0.75    0.3113    0.0953   0.07185    0.1432         0
   247/999    0.654G   0.05397    0.2013         0    0.2553         9       448   0.08847      0.75    0.3113    0.0953   0.07185    0.1432         0
   248/999    0.654G   0.05267    0.1834         0    0.2361         7       448   0.07123       0.5    0.3165    0.1173   0.07656    0.1488         0
   249/999    0.654G   0.05655    0.1942         0    0.2508         5       448    0.1006       0.5    0.3003   0.08761   0.07818    0.1218         0
   250/999    0.654G   0.05742    0.1856         0     0.243        11       448    0.1006       0.5    0.3003   0.08761   0.07818    0.1218         0
   251/999    0.654G   0.06319    0.2051         0    0.2683         5       448    0.0678       0.5    0.2852   0.08576    0.0788    0.1402         0
   252/999    0.654G   0.05665    0.2269         0    0.2836        11       448   0.05417       0.5    0.1572   0.04991   0.07534    0.1545         0
   253/999    0.654G   0.05487    0.1902         0     0.245         1       448   0.05417       0.5    0.1572   0.04991   0.07534    0.1545         0
   254/999    0.654G    0.0494    0.1936         0     0.243         2       448   0.06645       0.5    0.1688   0.05194   0.07628    0.1311         0
   255/999    0.654G   0.05988    0.2032         0    0.2631         8       448   0.06645       0.5    0.1688   0.05194   0.07628    0.1311         0
   256/999    0.654G   0.05998    0.2149         0    0.2749         4       448   0.08678       0.5    0.1675    0.0353   0.07748    0.1212         0
   257/999    0.654G   0.06084    0.2107         0    0.2715         8       448   0.07302    0.6302    0.1668    0.0184   0.07422    0.1395         0
   258/999    0.654G   0.06062    0.1777         0    0.2383        10       448   0.07302    0.6302    0.1668    0.0184   0.07422    0.1395         0
   259/999    0.654G   0.06148    0.2023         0    0.2638         2       448   0.08062      0.75    0.1687    0.0196   0.07736    0.1343         0
   260/999    0.654G   0.05715    0.1851         0    0.2423         8       448    0.0866      0.75    0.3458   0.06974   0.07231    0.1317         0
   261/999    0.654G   0.05642    0.1828         0    0.2393         6       448    0.0866      0.75    0.3458   0.06974   0.07231    0.1317         0
   262/999    0.654G   0.05784    0.1923         0    0.2501         7       448   0.09496      0.75    0.3639    0.1003   0.07186    0.1267         0
   263/999    0.654G   0.05106    0.1895         0    0.2405         3       448   0.06785      0.75    0.2769   0.08273   0.07428    0.1462         0
   264/999    0.654G   0.05896    0.2075         0    0.2664        12       448   0.06785      0.75    0.2769   0.08273   0.07428    0.1462         0
   265/999    0.654G   0.06006    0.1848         0    0.2449         0       448   0.06059      0.75    0.3393    0.1176   0.07502    0.1646         0
   266/999    0.654G   0.06122    0.1806         0    0.2418         6       448   0.08487      0.75    0.3559    0.1388   0.07529    0.1648         0
   267/999    0.654G   0.05701    0.2039         0    0.2609         7       448   0.08487      0.75    0.3559    0.1388   0.07529    0.1648         0
   268/999    0.654G   0.05402    0.1954         0    0.2494         9       448    0.0815      0.75    0.4206    0.1404   0.07693     0.159         0
   269/999    0.654G   0.06159    0.1933         0    0.2549         2       448   0.09965      0.75    0.3683    0.1392   0.07451    0.1401         0
   270/999    0.654G   0.05902    0.2156         0    0.2746        11       448   0.09965      0.75    0.3683    0.1392   0.07451    0.1401         0
   271/999    0.654G   0.05605    0.1917         0    0.2477         2       448   0.09554      0.75    0.3458     0.143   0.07712     0.132         0
   272/999    0.654G   0.06216      0.19         0    0.2521         1       448    0.0915     0.625    0.2943   0.08751   0.07237    0.1444         0
   273/999    0.654G   0.06062    0.1924         0     0.253         3       448    0.0915     0.625    0.2943   0.08751   0.07237    0.1444         0
   274/999    0.654G    0.0554    0.1854         0    0.2408         5       448    0.0868     0.625    0.2074   0.06488   0.06954    0.1407         0
   275/999    0.654G   0.05521     0.215         0    0.2702         5       448    0.1267      0.75    0.3998   0.07347     0.071    0.1186         0
   276/999    0.654G   0.05498    0.2009         0    0.2559         9       448    0.1267      0.75    0.3998   0.07347     0.071    0.1186         0
   277/999    0.654G   0.06264    0.2011         0    0.2638         2       448    0.1779      0.75    0.2861   0.08255   0.07345    0.1104         0
   278/999    0.654G   0.05441    0.1925         0    0.2469        14       448    0.0779       0.5    0.2342   0.05433   0.07486    0.1301         0
   279/999    0.654G   0.05423    0.1772         0    0.2314         1       448    0.0779       0.5    0.2342   0.05433   0.07486    0.1301         0
   280/999    0.654G   0.05489    0.1928         0    0.2477         7       448   0.05345    0.4027    0.2931   0.08046    0.0788    0.1306         0
   281/999    0.654G   0.05243     0.195         0    0.2475        13       448   0.08449       0.5     0.312   0.03612   0.07685    0.1245         0
   282/999    0.654G   0.06197    0.1752         0    0.2372         8       448   0.08449       0.5     0.312   0.03612   0.07685    0.1245         0
   283/999    0.654G   0.05511    0.2109         0     0.266         1       448   0.07822       0.5    0.3227   0.03821   0.08225    0.1221         0
   284/999    0.654G   0.05808    0.1949         0     0.253         6       448    0.0387      0.25    0.2616    0.1028   0.07831    0.1284         0
   285/999    0.654G   0.05529    0.1856         0    0.2409         2       448    0.0387      0.25    0.2616    0.1028   0.07831    0.1284         0
   286/999    0.654G   0.05819    0.1919         0    0.2501         4       448   0.07495       0.5     0.294    0.1092    0.0755    0.1241         0
   287/999    0.654G   0.05618    0.2117         0    0.2679         7       448   0.07495       0.5     0.294    0.1092    0.0755    0.1241         0
   288/999    0.654G   0.05924    0.2053         0    0.2646         0       448     0.084       0.5    0.3009    0.1199   0.07264    0.1228         0
   289/999    0.654G   0.06154    0.1953         0    0.2569         5       448   0.08715    0.3351    0.2901    0.1126   0.07268    0.1125         0
   290/999    0.654G   0.05746    0.2292         0    0.2867         5       448   0.08715    0.3351    0.2901    0.1126   0.07268    0.1125         0
   291/999    0.654G   0.05557    0.1942         0    0.2498         9       448     0.104    0.3629    0.2927    0.1344    0.0716    0.1146         0
   292/999    0.654G   0.06003     0.202         0     0.262         2       448    0.1071       0.5     0.305    0.1179   0.07033    0.1194         0
   293/999    0.654G   0.05539      0.19         0    0.2454         8       448    0.1071       0.5     0.305    0.1179   0.07033    0.1194         0
   294/999    0.654G   0.05615    0.2103         0    0.2665         4       448    0.1138       0.5    0.3137   0.08563   0.07086    0.1113         0
   295/999    0.654G   0.05326    0.1922         0    0.2455         5       448   0.05644      0.25    0.2806    0.1018   0.08465    0.1044         0
   296/999    0.654G   0.05486    0.1922         0    0.2471         6       448   0.05644      0.25    0.2806    0.1018   0.08465    0.1044         0
   297/999    0.654G   0.05912    0.2116         0    0.2707         1       448   0.09685       0.5    0.2882    0.1371   0.07552    0.1327         0
   298/999    0.654G   0.05252    0.2147         0    0.2673         9       448    0.1267      0.75    0.3244    0.1308    0.0725    0.1577         0
   299/999    0.654G   0.05529     0.224         0    0.2792         8       448    0.1267      0.75    0.3244    0.1308    0.0725    0.1577         0
   300/999    0.654G   0.05324    0.1895         0    0.2427         5       448    0.1058       0.5    0.3311     0.133    0.0768    0.1398         0
   301/999    0.654G   0.05874    0.1973         0    0.2561         3       448   0.09052       0.5    0.3464    0.1332   0.07801    0.1319         0
   302/999    0.654G   0.05164    0.1608         0    0.2124         8       448   0.09052       0.5    0.3464    0.1332   0.07801    0.1319         0
   303/999    0.654G   0.05173    0.1857         0    0.2375         5       448   0.04261      0.25    0.2857    0.1272   0.08055     0.129         0
   304/999    0.654G   0.05511    0.2089         0     0.264         8       448   0.09029     0.625    0.3276    0.1476   0.06976    0.1697         0
   305/999    0.654G   0.05384    0.2038         0    0.2576         4       448   0.09029     0.625    0.3276    0.1476   0.06976    0.1697         0
   306/999    0.654G   0.05093    0.1944         0    0.2454         5       448   0.09773      0.75    0.3307    0.1483   0.06363      0.19         0
   307/999    0.654G   0.05255    0.2014         0    0.2539         3       448    0.1213      0.75    0.4224    0.1621   0.06736    0.1488         0
   308/999    0.654G   0.05422    0.1846         0    0.2388         2       448    0.1213      0.75    0.4224    0.1621   0.06736    0.1488         0
   309/999    0.654G   0.04947    0.1936         0     0.243         1       448    0.1319      0.75    0.4128    0.1603   0.06979    0.1367         0
   310/999    0.654G   0.05211    0.1875         0    0.2396         6       448    0.1655      0.75    0.3954    0.1487   0.06805    0.1262         0
   311/999    0.654G   0.05479    0.2018         0    0.2565        12       448    0.1655      0.75    0.3954    0.1487   0.06805    0.1262         0
   312/999    0.654G   0.05336    0.1589         0    0.2123         6       448    0.1631      0.75    0.3754    0.1542   0.06734    0.1295         0
   313/999    0.654G   0.05916    0.1853         0    0.2445         1       448   0.09685      0.75    0.4591    0.1791   0.06703    0.1353         0
   314/999    0.654G   0.05748     0.204         0    0.2615         6       448   0.09685      0.75    0.4591    0.1791   0.06703    0.1353         0
   315/999    0.654G   0.05874     0.178         0    0.2367         5       448    0.1307      0.75    0.2984    0.1475   0.06316    0.1226         0
   316/999    0.654G   0.05174     0.183         0    0.2348         4       448     0.102       0.5    0.1742   0.06401   0.07008    0.1203         0
   317/999    0.654G   0.05619    0.2035         0    0.2597        13       448     0.102       0.5    0.1742   0.06401   0.07008    0.1203         0
   318/999    0.654G   0.05468     0.192         0    0.2467         2       448   0.09878      0.75    0.4296    0.1558   0.07003    0.1359         0
   319/999    0.654G   0.05291    0.1772         0    0.2301        10       448   0.09878      0.75    0.4296    0.1558   0.07003    0.1359         0
   320/999    0.654G   0.05496    0.1876         0    0.2426         4       448    0.1093      0.75     0.261   0.08633   0.07323    0.1299         0
   321/999    0.654G     0.051    0.1877         0    0.2387         2       448   0.09527       0.5    0.4012    0.1424    0.0721    0.1178         0
   322/999    0.654G    0.0593    0.2055         0    0.2648         8       448   0.09527       0.5    0.4012    0.1424    0.0721    0.1178         0
   323/999    0.654G   0.05291    0.1773         0    0.2302         1       448    0.1096      0.75    0.4703    0.1785   0.07481    0.1205         0
   324/999    0.654G     0.049    0.1684         0    0.2174         1       448    0.0487     0.375    0.3097   0.08131   0.07774    0.1667         0
   325/999    0.654G   0.05423    0.1989         0    0.2531         1       448    0.0487     0.375    0.3097   0.08131   0.07774    0.1667         0
   326/999    0.654G    0.0559    0.1898         0    0.2457         2       448   0.06658       0.5    0.3704   0.08818   0.07753    0.1663         0
   327/999    0.654G   0.05367    0.1832         0    0.2369         2       448   0.07681      0.75    0.4022    0.1799   0.07538    0.1568         0
   328/999    0.654G   0.04926    0.1994         0    0.2487         6       448   0.07681      0.75    0.4022    0.1799   0.07538    0.1568         0
   329/999    0.654G   0.04884    0.1962         0     0.245        11       448   0.09376      0.75    0.3808    0.1355   0.07332    0.1433         0
   330/999    0.654G   0.05646    0.1927         0    0.2492         9       448     0.116      0.75    0.3896    0.1521   0.07353    0.1276         0
   331/999    0.654G   0.04959    0.1862         0    0.2358        11       448     0.116      0.75    0.3896    0.1521   0.07353    0.1276         0
   332/999    0.654G   0.05384    0.1914         0    0.2452        12       448    0.1177      0.75    0.3577    0.1346   0.07838    0.1318         0
   333/999    0.654G   0.05826    0.1918         0    0.2501        13       448    0.1036      0.75    0.3011    0.1026   0.07753    0.1267         0
   334/999    0.654G   0.05257    0.1802         0    0.2328         5       448    0.1036      0.75    0.3011    0.1026   0.07753    0.1267         0
   335/999    0.654G   0.05217    0.1807         0    0.2329         2       448    0.1177      0.75    0.2681   0.09713   0.07652     0.131         0
   336/999    0.654G   0.05328    0.2079         0    0.2611        13       448   0.08758      0.75    0.2656   0.09945   0.07759    0.1272         0
   337/999    0.654G   0.05597    0.2109         0    0.2669         3       448   0.08758      0.75    0.2656   0.09945   0.07759    0.1272         0
   338/999    0.654G   0.04972     0.199         0    0.2487         6       448    0.1007      0.75    0.2116   0.07136   0.07892    0.1228         0
   339/999    0.654G   0.05389    0.1707         0    0.2246         1       448   0.07647    0.4042     0.172   0.05004   0.08005     0.109         0
   340/999    0.654G   0.04898    0.1961         0    0.2451         3       448   0.07647    0.4042     0.172   0.05004   0.08005     0.109         0
   341/999    0.654G   0.05111    0.1779         0     0.229         9       448     0.115       0.5    0.3122     0.113   0.07686     0.109         0
   342/999    0.654G   0.05234    0.1579         0    0.2103         1       448   0.08019       0.5    0.3029    0.1099   0.07666    0.1185         0
   343/999    0.654G   0.05231    0.1774         0    0.2297         8       448   0.08019       0.5    0.3029    0.1099   0.07666    0.1185         0
   344/999    0.654G     0.055    0.2072         0    0.2622         6       448   0.06572       0.5    0.3448    0.1055   0.07515    0.1262         0
   345/999    0.654G   0.05221    0.1818         0     0.234        11       448   0.05254       0.5    0.1792   0.05961   0.07713    0.1471         0
   346/999    0.654G   0.05431    0.1888         0    0.2431         1       448   0.05254       0.5    0.1792   0.05961   0.07713    0.1471         0
   347/999    0.654G   0.05692    0.1949         0    0.2518         6       448   0.06601      0.75     0.278   0.09148   0.07542    0.1681         0
   348/999    0.654G    0.0501    0.2066         0    0.2567        13       448    0.1057      0.75    0.2073   0.06145    0.0764    0.1397         0
   349/999    0.654G   0.04717    0.1902         0    0.2373         7       448    0.1057      0.75    0.2073   0.06145    0.0764    0.1397         0
   350/999    0.654G   0.05331    0.1974         0    0.2507         3       448   0.07642     0.625    0.2904   0.05782   0.08222    0.1309         0
   351/999    0.654G   0.05241    0.1806         0     0.233         1       448   0.07642     0.625    0.2904   0.05782   0.08222    0.1309         0
   352/999    0.654G   0.05464    0.1783         0     0.233        13       448   0.03098      0.25    0.2803   0.02958   0.08437    0.1313         0
   353/999    0.654G    0.0541    0.1778         0    0.2319         6       448    0.0351      0.25     0.295   0.05549   0.08227    0.1316         0
   354/999    0.654G   0.05438    0.1867         0    0.2411         1       448    0.0351      0.25     0.295   0.05549   0.08227    0.1316         0
   355/999    0.654G   0.05281    0.1668         0    0.2196         9       448   0.06501       0.5    0.3078   0.08918   0.08024    0.1305         0
   356/999    0.654G   0.05451     0.177         0    0.2315         7       448    0.0522       0.5    0.4434    0.1506   0.07476    0.1444         0
   357/999    0.654G   0.05165     0.186         0    0.2377         1       448    0.0522       0.5    0.4434    0.1506   0.07476    0.1444         0
   358/999    0.654G   0.05403    0.1769         0    0.2309         1       448   0.06067       0.5    0.4378    0.1692    0.0707    0.1521         0
   359/999    0.654G   0.05328     0.176         0    0.2293         1       448   0.08001      0.75    0.4164    0.1178   0.07452    0.1628         0
   360/999    0.654G    0.0478    0.1856         0    0.2334        14       448   0.08001      0.75    0.4164    0.1178   0.07452    0.1628         0
   361/999    0.654G   0.05077    0.1711         0    0.2218         9       448   0.09452      0.75    0.5455    0.1342    0.0708     0.187         0
   362/999    0.654G   0.04911    0.1823         0    0.2314         8       448   0.09964      0.75    0.5586    0.1554   0.07291    0.1641         0
   363/999    0.654G   0.06117    0.1779         0    0.2391         6       448   0.09964      0.75    0.5586    0.1554   0.07291    0.1641         0
   364/999    0.654G    0.0517    0.2075         0    0.2592         2       448   0.07989     0.625    0.5443    0.1324   0.07416    0.1809         0
   365/999    0.654G   0.05344    0.1835         0    0.2369         8       448    0.0968      0.75    0.3572    0.0991   0.07199    0.1704         0
   366/999    0.654G   0.05118    0.1796         0    0.2308         2       448    0.0968      0.75    0.3572    0.0991   0.07199    0.1704         0
   367/999    0.654G   0.04365    0.1559         0    0.1995         7       448    0.1216      0.75    0.3481   0.09516   0.07143    0.1599         0
   368/999    0.654G   0.05222    0.1793         0    0.2315        12       448     0.108      0.75    0.5525    0.1291   0.07097    0.1821         0
   369/999    0.654G    0.0518    0.2022         0     0.254         2       448     0.108      0.75    0.5525    0.1291   0.07097    0.1821         0
   370/999    0.654G   0.04949    0.1763         0    0.2258         3       448   0.08843       0.5    0.4161    0.0908   0.07329    0.1547         0
   371/999    0.654G   0.04946    0.1727         0    0.2222         7       448    0.1148     0.625    0.3267   0.08243   0.07223    0.1413         0
   372/999    0.654G   0.05033    0.1691         0    0.2194        12       448    0.1148     0.625    0.3267   0.08243   0.07223    0.1413         0
   373/999    0.654G   0.04732    0.1864         0    0.2337         3       448   0.06071      0.25     0.277   0.07945   0.07511    0.1419         0
   374/999    0.654G   0.04929    0.1892         0    0.2385         5       448   0.09987       0.5    0.3234   0.05743   0.07307    0.1408         0
   375/999    0.654G   0.05582    0.1878         0    0.2436         8       448   0.09987       0.5    0.3234   0.05743   0.07307    0.1408         0
   376/999    0.654G   0.05764    0.1588         0    0.2165         9       448    0.1003    0.5583    0.3187   0.05819    0.0766    0.1442         0
   377/999    0.654G   0.04856    0.1916         0    0.2401         7       448   0.06894    0.3612    0.2812    0.0304   0.08102    0.1304         0
   378/999    0.654G   0.04712    0.1965         0    0.2436         7       448   0.06894    0.3612    0.2812    0.0304   0.08102    0.1304         0
   379/999    0.654G   0.04622    0.1708         0     0.217         2       448   0.08388       0.5    0.2602   0.05204   0.08106    0.1241         0
   380/999    0.654G   0.04965    0.1806         0    0.2303         5       448    0.1772      0.75    0.3905   0.05548   0.07783    0.1156         0
   381/999    0.654G   0.05468    0.2023         0     0.257         1       448    0.1772      0.75    0.3905   0.05548   0.07783    0.1156         0
   382/999    0.654G   0.04922    0.1927         0    0.2419         2       448    0.1235      0.75    0.3779   0.05854   0.07321    0.1351         0
   383/999    0.654G   0.05124    0.1872         0    0.2385         2       448    0.1235      0.75    0.3779   0.05854   0.07321    0.1351         0
   384/999    0.654G   0.05193    0.1825         0    0.2344         2       448   0.09199      0.75    0.3632   0.05555   0.07637    0.1588         0
   385/999    0.654G   0.05072    0.2043         0     0.255         6       448    0.1335      0.75    0.3992   0.05917   0.07668    0.1549         0
   386/999    0.654G    0.0489    0.1962         0    0.2451         8       448    0.1335      0.75    0.3992   0.05917   0.07668    0.1549         0
   387/999    0.654G   0.05369    0.1719         0    0.2256         5       448   0.09017     0.625    0.2611    0.0495   0.07448    0.1613         0
   388/999    0.654G   0.05295    0.1969         0    0.2498         6       448   0.05521       0.5    0.1642   0.05098   0.08085    0.1505         0
   389/999    0.654G   0.05522    0.1754         0    0.2307         6       448   0.05521       0.5    0.1642   0.05098   0.08085    0.1505         0
   390/999    0.654G   0.05426    0.1775         0    0.2318         4       448   0.05754       0.5    0.1935   0.03491   0.07907    0.1465         0
   391/999    0.654G   0.05064    0.2082         0    0.2589         9       448    0.1003     0.625    0.2273    0.0813   0.07683    0.1366         0
   392/999    0.654G   0.05004    0.1588         0    0.2089         3       448    0.1003     0.625    0.2273    0.0813   0.07683    0.1366         0
   393/999    0.654G   0.05021    0.1948         0     0.245         4       448   0.07487       0.5    0.2019   0.07217   0.07862     0.132         0
   394/999    0.654G   0.05249    0.1792         0    0.2317        11       448    0.1246      0.75    0.2932   0.09808   0.07343    0.1318         0
   395/999    0.654G   0.04839    0.1922         0    0.2405         9       448    0.1246      0.75    0.2932   0.09808   0.07343    0.1318         0
   396/999    0.654G   0.04885    0.1616         0    0.2104        10       448     0.107      0.75    0.4223    0.1564   0.06934    0.1297         0
   397/999    0.654G   0.05232     0.196         0    0.2483         7       448   0.08525      0.75    0.3541     0.134   0.07014    0.1338         0
   398/999    0.654G   0.04901    0.1701         0    0.2192         7       448   0.08525      0.75    0.3541     0.134   0.07014    0.1338         0
   399/999    0.654G   0.04978    0.2048         0    0.2546         1       448   0.07619      0.75    0.4142    0.1656   0.06861    0.1378         0
   400/999    0.654G   0.05388    0.1746         0    0.2284         3       448    0.0938      0.75    0.5596    0.1678    0.0685    0.1131         0
   401/999    0.654G   0.04895    0.1619         0    0.2109         2       448    0.0938      0.75    0.5596    0.1678    0.0685    0.1131         0
   402/999    0.654G   0.04731    0.1551         0    0.2024         1       448   0.08929      0.75    0.5596    0.1308   0.07136    0.1122         0
   403/999    0.654G   0.04916    0.1754         0    0.2246         8       448   0.08924      0.75    0.4975    0.2045   0.07308    0.1179         0
   404/999    0.654G   0.04863    0.1744         0    0.2231         2       448   0.08924      0.75    0.4975    0.2045   0.07308    0.1179         0
   405/999    0.654G   0.04674    0.1911         0    0.2378         2       448   0.08702      0.75    0.4825    0.1428    0.0746    0.1343         0
   406/999    0.654G   0.04843    0.1901         0    0.2386         2       448    0.1097      0.75    0.5693    0.1387   0.07156    0.1187         0
   407/999    0.654G   0.05093    0.1891         0    0.2401         1       448    0.1097      0.75    0.5693    0.1387   0.07156    0.1187         0
   408/999    0.654G   0.04834    0.1881         0    0.2364         6       448   0.09663      0.75    0.5002    0.1173   0.06915    0.1319         0
   409/999    0.654G   0.05714    0.1987         0    0.2558         2       448   0.08575      0.75    0.5614     0.137   0.06915    0.1448         0
   410/999    0.654G   0.05254    0.1908         0    0.2434         6       448   0.08575      0.75    0.5614     0.137   0.06915    0.1448         0
   411/999    0.654G   0.05113    0.1855         0    0.2366         3       448   0.08978      0.75    0.4919    0.1417    0.0669    0.1366         0
   412/999    0.654G   0.04751    0.1855         0     0.233         7       448   0.09218      0.75    0.5097    0.1382   0.06703    0.1288         0
   413/999    0.654G   0.05411    0.2054         0    0.2595         7       448   0.09218      0.75    0.5097    0.1382   0.06703    0.1288         0
   414/999    0.654G   0.04972    0.1756         0    0.2253        10       448    0.1154      0.75    0.4914    0.1508   0.06751    0.1311         0
   415/999    0.654G   0.04924    0.1769         0    0.2262         1       448    0.1154      0.75    0.4914    0.1508   0.06751    0.1311         0
   416/999    0.654G    0.0545    0.1924         0    0.2469        13       448    0.1688      0.75    0.4572    0.1346   0.06749    0.1301         0
   417/999    0.654G   0.04991    0.2127         0    0.2627         4       448   0.07352     0.625     0.379   0.09732   0.07203    0.1661         0
   418/999    0.654G   0.04969    0.1634         0    0.2131         3       448   0.07352     0.625     0.379   0.09732   0.07203    0.1661         0
   419/999    0.654G   0.04629    0.1767         0     0.223         7       448   0.09666      0.75    0.4159    0.1219   0.06986    0.1545         0
   420/999    0.654G   0.04323    0.1489         0    0.1921         5       448     0.142      0.75    0.4118     0.105    0.0741     0.144         0
   421/999    0.654G   0.04918    0.1845         0    0.2337         7       448     0.142      0.75    0.4118     0.105    0.0741     0.144         0
   422/999    0.654G   0.04397    0.1883         0    0.2323         3       448    0.1304     0.625    0.4063    0.1019   0.07295    0.1297         0
   423/999    0.654G   0.05162    0.1871         0    0.2388         3       448    0.1431      0.75    0.5686    0.1146   0.07289    0.1488         0
   424/999    0.654G    0.0454    0.1708         0    0.2162         2       448    0.1431      0.75    0.5686    0.1146   0.07289    0.1488         0
   425/999    0.654G   0.04808    0.1815         0    0.2296         5       448    0.1375      0.75    0.5262    0.1177   0.07204    0.1229         0
   426/999    0.654G   0.05518    0.1687         0    0.2239        12       448    0.1307      0.75    0.5845     0.263   0.06494    0.1272         0
   427/999    0.654G   0.05071    0.1946         0    0.2453         3       448    0.1307      0.75    0.5845     0.263   0.06494    0.1272         0
